1.00000000000000000000
1.50000000000000000000
1.75000000000000000000
1.87500000000000000000
1.93750000000000000000
1.96875000000000000000
1.98437500000000000000
1.99218750000000000000
1.99609375000000000000
1.99804687500000000000
1.99902343750000000000
1.99951171875000000000
1.99975585937500000000
1.99987792968750000000
1.99993896484375000000
1.99996948242187500000
1.99998474121093750000
1.99999237060546870000
1.99999618530273440000
1.99999809265136720000
1.99999904632568360000
1.99999952316284180000
1.99999976158142090000
1.99999988079071040000
1.99999994039535520000
1.99999997019767760000
1.99999998509883880000
1.99999999254941940000
1.99999999627470970000
1.99999999813735490000
1.99999999906867740000
1.99999999953433870000
1.99999999976716940000
1.99999999988358470000
1.99999999994179230000
1.99999999997089620000
1.99999999998544810000
1.99999999999272400000
1.99999999999636200000
1.99999999999818100000
1.99999999999909050000
1.99999999999954530000
1.99999999999977260000
1.99999999999988630000
1.99999999999994320000
1.99999999999997160000
1.99999999999998580000
1.99999999999999290000
1.99999999999999640000
1.99999999999999820000
1.99999999999999910000
1.99999999999999960000
1.99999999999999980000
2.00000000000000000000
2.00000000000000000000
